0.024893048386724	0.34489950232768
0.049786096773448	0.30935544254624
0.074679145160172	0.31871548541364
0.099572193546897	0.36229391675508
0.124465241933621	0.42386532320514
0.149358290320345	0.51270136954406
0.174251338707069	0.62339090652618
0.199144387093793	0.74367348315094
0.224037435480517	0.862313030791679
0.248930483867241	0.96461870105094
0.273823532253965	1.0423391943366
0.298716580640689	1.08294892538662
0.323609629027413	1.09175459661638
0.348502677414138	1.07109019296406
0.373395725800862	1.02720243831756
0.398288774187586	0.971757240182
0.42318182257431	0.907092600681339
0.448074870961034	0.84350456696972
0.472967919347758	0.78657301009556
0.497860967734482	0.72566042211342
0.522754016121206	0.67857097040026
0.54764706450793	0.63852766254522
0.572540112894655	0.59922753405948
0.597433161281379	0.56982976852144
0.622326209668103	0.5426414551624
0.647219258054827	0.51718856606032
0.672112306441551	0.49838010223836
0.697005354828275	0.48039917868708
0.721898403214999	0.46525438829648
0.746791451601723	0.44794031758468
0.771684499988447	0.43586063994422
0.796577548375172	0.42425900741158
0.821470596761896	0.41183786897982
0.84636364514862	0.39985862098386
0.871256693535344	0.38830519468058
0.896149741922068	0.37814171465718
0.921042790308792	0.36896244514988
0.945935838695516	0.36181587164726
0.97082888708224	0.35348824552532
0.995721935468965	0.34429692446068
1.02061498385569	0.33225741867802
1.04550803224241	0.32945342300358
1.07040108062914	0.31939438981046
1.09529412901586	0.3122156788216
1.12018717740259	0.3064711031562
1.14508022578931	0.29850100656868
1.16997327417603	0.29209761243536
1.19486632256276	0.28659406791676
1.21975937094948	0.2834727145657
1.24465241933621	0.2761212645883
1.26954546772293	0.27073421845732
1.29443851610965	0.26642377811538
1.31933156449638	0.2596909747481
1.3442246128831	0.25678654942916
1.36911766126983	0.25242790285786
1.39401070965655	0.24784429388288
1.41890375804327	0.2419751854583
1.44379680643	0.23681711891678
1.46868985481672	0.23324584075836
1.49358290320345	0.23008833273528
1.51847595159017	0.22693484189798
1.5433689999769	0.2225320062831
1.56826204836362	0.21994895582656
1.59315509675034	0.21548987961076
1.61804814513707	0.20974128675958
1.64294119352379	0.20754388613792
1.66783424191052	0.20380790336252
1.69272729029724	0.2005780859954
1.71762033868396	0.1970027906512
1.74251338707069	0.19329492817626
1.76740643545741	0.19072794646284
1.79229948384414	0.18624074994658
1.81719253223086	0.18479456306578
1.84208558061758	0.18127149113672
1.86697862900431	0.17716191008378
1.89187167739103	0.17394816145978
1.91676472577776	0.170328677072
1.94165777416448	0.16875394024624
1.9665508225512	0.16517061053048
1.99144387093793	0.16209746340878
2.01633691932465	0.159281416177
2.04122996771138	0.15538876315618
2.0661230160981	0.15189782871336
2.09101606448483	0.14900545495176
2.11590911287155	0.14583991255712
2.14080216125827	0.14402012739878
2.165695209645	0.1406015023
2.19058825803172	0.13793409094208
2.21548130641845	0.13476453136166
2.24037435480517	0.13304517584782
2.26526740319189	0.12908824785452
2.29016045157862	0.12602313510438
2.31505349996534	0.1233476893749
2.33994654835207	0.12281340366616
2.36483959673879	0.1188886131591
2.38973264512551	0.11624932210164
2.41462569351224	0.11358994511528
2.43951874189896	0.1101713200165
2.46441179028569	0.10879342529396
2.48930483867241	0.10552343606904
2.51419788705914	0.10337022449096
2.53909093544586	0.09936910745408
2.56398398383258	0.09666554142414
2.58887703221931	0.09666152423836
2.61377008060603	0.09214219023586
2.63866312899276	0.0903665941211
2.66355617737948	0.08814107319898
2.6884492257662	0.08601598192136
2.71334227415293	0.08236034286156
2.73823532253965	0.08031559529954
2.76312837092638	0.07858418822836
2.7880214193131	0.07685278115718
2.81291446769982	0.07426169632908
2.83780751608655	0.07252627207212
2.86270056447327	0.06904738918664
2.88759361286	0.06785428500998
2.91248666124672	0.06632775441358
2.93737970963345	0.06249937636524
2.96227275802017	0.06157944082162
2.98716580640689	0.06028188981468
3.01205885479362	0.05755020348428
3.03695190318034	0.05544519813556
3.06184495156707	0.0537097738786
3.08673799995379	0.05201452147944
3.11163104834051	0.05017063320642
3.13652409672724	0.04857982763754
3.16141714511396	0.04647080510304
3.18631019350069	0.04537813057088
3.21120324188741	0.04369091254328
3.23609629027413	0.04196352265788
3.26098933866086	0.04051733577708
3.28588238704758	0.03923183632748
3.31077543543431	0.03768923698796
3.33566848382103	0.03694204043288
3.36056153220775	0.03512627246032
3.38545458059448	0.03412197601532
3.4103476289812	0.03222586432716
3.43524067736793	0.0320973143822
3.46013372575465	0.02998427466192
3.48502677414138	0.02890766887288
3.5099198225281	0.02747353354942
3.53481287091482	0.02656564956314
3.55970591930155	0.02477800189104
3.58459896768827	0.02441645517084
3.609492016075	0.0236210523864
3.63438506446172	0.02231144982212
3.65927811284844	0.02114646594592
3.68417116123517	0.02038320064772
3.70906420962189	0.01947933384722
3.73395725800862	0.01862367327608
3.75885030639534	1.79E-02
3.78374335478206	1.75E-02
3.80863640316879	1.62E-02
3.83352945155551	1.56E-02
3.85842249994224	1.46E-02
3.88331554832896	1.47E-02
3.90820859671569	1.38E-02
3.93310164510241	1.30E-02
3.95799469348913	1.25E-02
3.98288774187586	1.18E-02
4.00778079026258	1.11E-02
4.03267383864931	1.04E-02
4.05756688703603	1.01E-02
4.08245993542275	9.53E-03
4.10735298380948	9.44E-03
4.1322460321962	9.22E-03
4.15713908058293	8.26E-03
4.18203212896965	7.92E-03
4.20692517735638	7.34E-03
4.2318182257431	7.07E-03
4.25671127412982	6.95E-03
4.28160432251655	6.58E-03
4.30649737090327	6.21E-03
4.33139041929	5.58E-03
4.35628346767672	5.13E-03
4.38117651606344	5.12E-03
4.40606956445017	5.08E-03
4.43096261283689	4.63E-03
4.45585566122362	4.45E-03
4.48074870961034	4.02E-03
4.50564175799706	3.85E-03
4.53053480638379	3.79E-03
4.55542785477051	3.40E-03
4.58032090315724	3.27E-03
4.60521395154396	3.38E-03
4.63010699993068	3.07E-03
4.65500004831741	2.82E-03
4.67989309670413	2.55E-03
4.70478614509086	2.72E-03
4.72967919347758	2.50E-03
4.75457224186431	2.08E-03
4.77946529025103	2.27E-03
4.80435833863775	1.95E-03
4.82925138702448	1.83E-03
4.8541444354112	1.75E-03
4.87903748379793	1.75E-03
4.90393053218465	1.66E-03
4.92882358057137	1.53E-03
4.9537166289581	1.38E-03
4.97860967734482	1.34E-03
5.00350272573155	1.12E-03
5.02839577411827	1.17E-03
5.053288822505	1.10E-03
5.07818187089172	1.02E-03
5.10307491927844	9.92E-04
5.12796796766517	8.76E-04
5.15286101605189	8.52E-04
5.17775406443862	7.11E-04
5.20264711282534	6.35E-04
5.22754016121206	7.39E-04
5.25243320959879	6.15E-04
5.27732625798551	6.67E-04
5.30221930637224	6.35E-04
5.32711235475896	4.94E-04
5.35200540314568	5.18E-04
5.37689845153241	3.78E-04
5.40179149991913	4.70E-04
5.42668454830586	4.06E-04
5.45157759669258	4.22E-04
5.4764706450793	4.18E-04
5.50136369346603	3.41E-04
5.52625674185275	3.33E-04
5.55114979023948	3.41E-04
5.5760428386262	3.05E-04
5.60093588701293	2.17E-04
5.62582893539965	2.65E-04
5.65072198378637	1.85E-04
5.6756150321731	1.57E-04
5.70050808055982	1.69E-04
5.72540112894655	1.25E-04
5.75029417733327	1.77E-04
5.77518722571999	1.12E-04
5.80008027410672	1.61E-04
5.82497332249344	1.12E-04
5.84986637088017	1.37E-04
5.87475941926689	1.00E-04
5.89965246765361	1.16E-04
5.92454551604034	9.24E-05
5.94943856442706	1.12E-04
5.97433161281379	1.00E-04
5.99922466120051	7.23E-05
6.02411770958724	6.43E-05
6.04901075797396	1.16E-04
6.07390380636068	6.03E-05
6.09879685474741	7.23E-05
6.12368990313413	6.83E-05
6.14858295152086	5.22E-05
6.17347599990758	4.82E-05
6.1983690482943	6.03E-05
6.22326209668103	5.62E-05
6.24815514506775	3.21E-05
6.27304819345448	3.62E-05
6.2979412418412	1.21E-05
6.32283429022792	4.02E-05
6.34772733861465	2.81E-05
6.37262038700137	4.42E-05
6.3975134353881	2.41E-05
6.42240648377482	3.21E-05
6.44729953216155	4.02E-06
6.47219258054827	1.21E-05
6.49708562893499	2.01E-05
6.52197867732172	1.61E-05
6.54687172570844	2.01E-05
6.57176477409517	1.61E-05
6.59665782248189	1.21E-05
6.62155087086861	1.21E-05
6.64644391925534	8.03E-06
6.67133696764206	8.03E-06
6.69623001602879	8.03E-06
6.72112306441551	8.03E-06
6.74601611280223	1.21E-05

