0.020406911238832	0.37812679781332
0.040813822477663	0.33130442529367
0.061220733716495	0.33873328104875
0.081627644955326	0.37284917403481
0.102034556194157	0.43030029862093
0.122441467432989	0.51898103912204
0.14284837867182	0.62513625166973
0.163255289910652	0.74691852292649
0.183662201149483	0.8773008217889
0.204069112388315	0.98715576131224
0.224476023627146	1.07766431394834
0.244882934865978	1.13693835036882
0.265289846104809	1.16217489861332
0.285696757343641	1.15344256289066
0.306103668582472	1.12654481273259
0.326510579821304	1.08075150334524
0.346917491060135	1.01785614475919
0.367324402298967	0.95758734731082
0.387731313537798	0.897245045353
0.40813822477663	0.8360402904843
0.428545136015461	0.78379818546787
0.448952047254293	0.73559392817056
0.469358958493124	0.69348564485697
0.489765869731956	0.65050020773061
0.510172780970787	0.6226321980478
0.530579692209619	0.59415165078624
0.55098660344845	0.5706890113698
0.571393514687281	0.55137692658697
0.591800425926113	0.52647359878531
0.612207337164944	0.51226762725894
0.632614248403776	0.49391600139959
0.653021159642607	0.4807684948093
0.673428070881439	0.47012994214157
0.69383498212027	0.45506641800495
0.714241893359102	0.44055172753889
0.734648804597933	0.43105004461732
0.755055715836765	0.42000966729793
0.775462627075596	0.41023356754108
0.795869538314428	0.40279981148537
0.816276449553259	0.38965720519571
0.836683360792091	0.38175792058015
0.857090272030922	0.37485339699248
0.877497183269754	0.36464607078019
0.897904094508585	0.35848639288828
0.918311005747417	0.3516455732088
0.938717916986248	0.34248691133133
0.95912482822508	0.33526876850334
0.979531739463911	0.32804082507409
0.999938650702743	0.32539956303452
1.02034556194157	0.31836273132984
1.04075247318041	0.3132272162696
1.06115938441924	0.30557294668554
1.08156629565807	0.30204963053257
1.1019732068969	0.29445416455607
1.12238011813573	0.28907363446433
1.14278702937456	0.28457515848599
1.16319394061339	0.27900841697031
1.18360085185223	0.27656316695594
1.20400776309106	0.27184417744925
1.22441467432989	0.26630193743672
1.24482158556872	0.26346466337195
1.26522849680755	0.26000505112717
1.28563540804638	0.25581039378789
1.30604231928521	0.24991533213
1.32644923052405	0.24846974344415
1.34685614176288	0.24403007107337
1.36726305300171	0.23995302094921
1.38766996424054	0.23499391671165
1.40807687547937	0.2337933430573
1.4284837867182	0.23038763411945
1.44889069795704	0.22607046926442
1.46929760919587	0.22502670523023
1.4897045204347	0.22016070670464
1.51011143167353	0.21765175278208
1.53051834291236	0.21618656289371
1.55092525415119	0.21219281788026
1.57133216539002	0.20839018459138
1.59173907662886	0.20651336945009
1.61214598786769	0.20381820410359
1.63255289910652	0.20264213195239
1.65295981034535	0.19540438792188
1.67336672158418	0.19785943853751
1.69377363282301	0.19318945203712
1.71418054406184	0.19075400262401
1.73458745530068	0.18667205219922
1.75499436653951	0.18612811882929
1.77540127777834	0.1823891894486
1.79580818901717	0.1801840541651
1.816215100256	0.1778319098627
1.83662201149483	0.17572968089243
1.85702892273367	0.17273069690687
1.8774358339725	0.17261798999238
1.89784274521133	0.16889866181421
1.91824965645016	0.16708065028048
1.93865656768899	0.16545375047132
1.95906347892782	0.16175402349567
1.97947039016665	0.16186673041016
1.99987730140549	0.1596517945254
2.02028421264432	0.15591286514471
2.04069112388315	0.15467798938595
2.06109803512198	0.15240424989363
2.08150494636081	0.1507822503851
2.10191185759964	0.14897893975326
2.12231876883847	0.14664639665338
2.14272568007731	0.14547522480281
2.16313259131614	0.14148638008999
2.18353950255497	0.13833058648427
2.2039464137938	0.13445444868594
2.22435332503263	0.13618425480833
2.24476023627146	0.13320977232592
2.26516714751029	0.13114674576069
2.28557405874913	0.12894651077782
2.30598096998796	0.12704029383275
2.32638788122679	0.12525658440343
2.34679479246562	0.12389920112892
2.36720170370445	0.12060619910556
2.38760861494328	0.1193223203405
2.40801552618211	0.11650464747825
2.42842243742095	0.1152060678113
2.44882934865978	0.11424560888782
2.46923625989861	0.11124662490226
2.48964317113744	0.10886507879608
2.51005008237627	0.10816433580599
2.5304569936151	0.10585629420926
2.55086390485394	0.10228887535062
2.57127081609277	0.10137741943344
2.5916777273316	0.09886356521025
2.61208463857043	0.09657512481604
2.63249154980926	0.09543825506988
2.65289846104809	0.09394366337773
2.67330537228692	0.09263038280889
2.69371228352576	0.09077316887012
2.71411919476459	0.08692643287557
2.73452610600342	0.08811720592866
2.75493301724225	0.08464289278199
2.77533992848108	0.08368733415914
2.79574683971991	0.08156060368572
2.81615375095874	0.0799239032753
2.83656066219758	0.07832640526992
2.85696757343641	0.07634178351477
2.87737448467524	0.07485209212325
2.89778139591407	0.0724264433114
2.9181883071529	0.07035851644554
2.93859521839173	0.06925104850316
2.95900212963056	0.06730562915305
2.9794090408694	0.0654190134105
2.99981595210823	0.06438014967694
3.02022286334706	0.06274344926652
3.04062977458589	0.06101364314413
3.06103668582472	0.06068042270129
3.08144359706355	0.05837728140519
3.10185050830239	0.05750992819368
3.12225741954122	0.05416792316402
3.14266433078005	0.05371219520543
3.16307124201888	0.05171287254839
3.18347815325771	0.05119834098224
3.20388506449654	0.04958614207497
3.22429197573537	0.04780733294628
3.24469888697421	0.04653815508311
3.26510579821304	0.04561199826404
3.28551270945187	0.0442007116826
3.3059196206907	0.04215238601926
3.32632653192953	0.04030987298238
3.34673344316836	0.04038337749183
3.36714035440719	0.03962873119481
3.38754726564603	0.03780091905982
3.40795417688486	0.03756570462958
3.42836108812369	0.035282164536
3.44876799936252	0.03476763296985
3.46917491060135	0.03344945210038
3.48958182184018	0.03245469107249
3.50998873307902	0.03142072763956
3.53039564431785	0.02924989446047
3.55080255555668	0.0288137677044
3.57120946679551	0.02883336890692
3.59161637803434	0.02726527270532
3.61202328927317	0.02591278973144
3.632430200512	0.02541295906718
3.65283711175084	0.02547176267474
3.67324402298967	0.02378605925802
3.6936509342285	0.02301671205911
3.71405784546733	0.02247277868918
3.73446475670616	0.0210222897027
3.75487166794499	0.02039505122206
3.77527857918382	0.01966490642819
3.79568549042266	0.01959140191874
3.81609240166149	0.01786649609698
3.83649931290032	0.01781259279005
3.85690622413915	0.01755287685666
3.87731313537798	0.01660711883507
3.89772004661681	0.01594067794939
3.91812695785564	0.01523503465867
3.93853386909448	0.01490181421583
3.95894078033331	0.01378454567219
3.97934769157214	0.01343662432746
3.99975460281097	0.0133288177136
4.0201615140498	0.01268197803044
4.04056842528863	0.01243206269831
4.06097533652747	0.0120547395498
4.0813822477663	0.01121678814207
4.10178915900513	0.01065815387025
4.12219607024396	0.01052584575324
4.14260298148279	0.00976629915559
4.16300989272162	0.00943797901338
4.18341680396045	0.00884014233652
4.20382371519929	0.00908515736802
4.22423062643812	0.00822760475777
4.24463753767695	0.00775227559666
4.26504444891578	0.00797768942564
4.28545136015461	0.00732104914122
4.30585827139344	0.00684081967948
4.32626518263227	0.0066154058505
4.34667209387111	0.0066154058505
4.36707900510994	0.00593916436356
4.38748591634877	0.00579215534466
4.4078928275876	0.00527762377851
4.42829973882643	0.00530702558229
4.44870665006526	4.82E-03
4.4691135613041	4.68E-03
4.48952047254293	4.81E-03
4.50992738378176	4.68E-03
4.53033429502059	4.03E-03
4.55074120625942	4.17E-03
4.57114811749825	3.81E-03
4.59155502873708	3.72E-03
4.61196193997592	3.69E-03
4.63236885121475	3.43E-03
4.65277576245358	2.91E-03
4.67318267369241	3.17E-03
4.69358958493124	2.92E-03
4.71399649617007	2.70E-03
4.7344034074089	2.50E-03
4.75481031864774	2.35E-03
4.77521722988657	2.24E-03
4.7956241411254	2.09E-03
4.81603105236423	2.08E-03
4.83643796360306	2.21E-03
4.85684487484189	1.89E-03
4.87725178608072	1.83E-03
4.89765869731956	1.64E-03
4.91806560855839	1.58E-03
4.93847251979722	1.56E-03
4.95887943103605	1.57E-03
4.97928634227488	1.45E-03
4.99969325351371	1.39E-03
5.02010016475254	1.23E-03
5.04050707599138	1.20E-03
5.06091398723021	1.15E-03
5.08132089846904	1.06E-03
5.10172780970787	9.16E-04
5.1221347209467	1.00E-03
5.14254163218553	9.41E-04
5.16294854342437	8.97E-04
5.1833554546632	8.23E-04
5.20376236590203	8.23E-04
5.22416927714086	7.99E-04
5.24457618837969	7.50E-04
5.26498309961852	7.30E-04
5.28539001085735	6.03E-04
5.30579692209619	5.68E-04
5.32620383333502	5.98E-04
5.34661074457385	5.39E-04
5.36701765581268	5.15E-04
5.38742456705151	4.85E-04
5.40783147829034	5.24E-04
5.42823838952917	4.31E-04
5.44864530076801	2.74E-04
5.46905221200684	3.87E-04
5.48945912324567	3.53E-04
5.5098660344845	3.14E-04
5.53027294572333	3.63E-04
5.55067985696216	3.77E-04
5.57108676820099	3.23E-04
5.59149367943983	3.09E-04
5.61190059067866	2.40E-04
5.63230750191749	2.25E-04
5.65271441315632	2.11E-04
5.67312132439515	1.91E-04
5.69352823563398	1.62E-04
5.71393514687282	2.16E-04
5.73434205811165	1.81E-04
5.75474896935048	2.11E-04
5.77515588058931	2.16E-04
5.79556279182814	1.47E-04
5.81596970306697	1.47E-04
5.8363766143058	1.27E-04
5.85678352554464	1.13E-04
5.87719043678347	1.27E-04
5.8975973480223	8.82E-05
5.91800425926113	7.84E-05
5.93841117049996	1.08E-04
5.95881808173879	6.86E-05
5.97922499297762	1.18E-04
5.99963190421646	8.33E-05
6.02003881545529	7.35E-05
6.04044572669412	7.84E-05
6.06085263793295	6.86E-05
6.08125954917178	5.39E-05
6.10166646041061	6.86E-05
6.12207337164945	5.88E-05
6.14248028288828	2.94E-05
6.16288719412711	4.90E-05
6.18329410536594	3.92E-05
6.20370101660477	3.43E-05
6.2241079278436	6.37E-05
6.24451483908243	5.88E-05
6.26492175032127	4.41E-05
6.2853286615601	2.45E-05
6.30573557279893	2.94E-05
6.32614248403776	2.45E-05
6.34654939527659	2.94E-05
6.36695630651542	3.43E-05
6.38736321775425	2.45E-05
6.40777012899309	1.47E-05
6.42817704023192	3.92E-05
6.44858395147075	1.47E-05
6.46899086270958	2.94E-05
6.48939777394841	1.96E-05
6.50980468518724	1.47E-05
6.53021159642607	1.47E-05
6.55061850766491	4.90E-06
6.57102541890374	1.47E-05
6.59143233014257	9.80E-06
6.6118392413814	1.96E-05
6.63224615262023	9.80E-06
6.65265306385906	9.80E-06

