0.2151460077583212 	 0.807843180732299259564485645701721064
0.4302920155166424 	 0.658011555203576062452060872283149081
0.6454380232749637 	 0.479332052405215942941272513834989234
0.8605840310332848 	 0.360793171165499182765114536531323882
1.075730038791606 	 0.286607971595149912588996048982893320
1.2908760465499274 	 0.236259915324555038138530395803606006
1.5060220543082485 	 0.199030339620733540146656967851373716
1.7211680620665697 	 0.169670199780125778975534261838161171
1.936314069824891 	 0.145377945498150188338845476235644173
2.151460077583212 	 0.124570931941111441681351826068034589
2.3666060853415334 	 0.106344992711676238816594335829587060
2.5817520930998548 	 0.0901911727530490221783473459836839417
2.7968981008581757 	 0.0758296895801067064006567391243074618
3.012044108616497 	 0.0631063894820487595627894735098906727
3.2271901163748185 	 0.0519268561063997603520816816023163286
3.4423361241331394 	 0.0422156418391093333689353329831649803
3.6574821318914608 	 0.0338932402136237010422046530173884088
3.872628139649782 	 0.0268656165553399117311748875516506668
4.087774147408103 	 0.0210222175616518539661914922037546364
4.302920155166424 	 0.0162391533160237221018923035229911600
4.518066162924746 	 0.0123849551458722034117984256132554080
4.733212170683067 	 0.00932700919968759935563352441021404123
4.948358178441388 	 0.00693741640540951525281437689864512503
5.1635041861997095 	 0.00509758800095231033230620419730671788
5.3786501939580305 	 0.00370132042143919000852423669293765546
5.593796201716351 	 0.00265639506155860936299289336316656262
5.808942209474673 	 0.00188492804592204448133469768457808525
6.024088217232994 	 0.00132277572698086586001893621221078100
6.239234224991315 	 0.000918311077202604185167551905082342580
6.454380232749637 	 0.000630851302597490929277459314637248282
6.669526240507958 	 0.000428960172421789447606423950767207067
6.884672248266279 	 0.000288786037764416759403186005072459305
7.099818256024601 	 0.000192538693123617958362770386825973916
7.3149642637829215 	 0.000127160565550665055074988183478197822
7.5301102715412425 	 8.32120047451400945050363285622721599e-05
7.745256279299564 	 5.39661652250456614373699735243980267e-05
7.960402287057885 	 3.46943322144394480669934579380630117e-05
8.175548294816206 	 2.21152943979077987151220783806628649e-05
8.390694302574527 	 1.39802993469257907566119747058489188e-05
8.605840310332848 	 8.76634795067880514358519445235387284e-06
8.82098631809117 	 5.45362233157862489522703968092480373e-06
9.036132325849492 	 3.36665003203130468675607468591649799e-06
9.251278333607813 	 2.06270349033411188581553802620680274e-06
9.466424341366134 	 1.25452102380806003220422383716380366e-06
9.681570349124454 	 7.57521463359002961342503748946935319e-07
9.896716356882775 	 4.54212016777517067380527449167488704e-07
10.111862364641098 	 2.70481261963671844735320534400216143e-07
10.327008372399419 	 1.59991291390694126097532423291254288e-07
10.54215438015774 	 9.40154910917194606594020563475572301e-08
10.757300387916061 	 5.48917965693256275360728119101978058e-08
10.972446395674382 	 3.18477882517164397228525643354209435e-08
11.187592403432703 	 1.83641861123272421128656064694020988e-08
11.402738411191025 	 1.05254204014287487931713266125747401e-08
11.617884418949346 	 5.99701941132801780601565888082667824e-09
11.833030426707667 	 3.39711900097286251269044840765100806e-09
12.048176434465988 	 1.91343934489027367856149687596373659e-09
12.26332244222431 	 1.07175359044028654959550730695798293e-09
12.47846844998263 	 5.97031978406763572172769279086864428e-10
12.693614457740953 	 3.30801307749267524250478379940802499e-10
12.908760465499274 	 1.82325306480899965029158072381306580e-10
13.123906473257595 	 9.99720384651224578044030654314101399e-11
13.339052481015916 	 5.45384051757733957733017319515148004e-11
13.554198488774237 	 2.96045034870978670956069967684373669e-11
13.769344496532558 	 1.59912554481440382708819259072797588e-11
13.984490504290878 	 8.59634041730191314170495683355441079e-12
14.199636512049201 	 4.59924647140018805869749106175369421e-12
14.414782519807522 	 2.44926958508077550067677221581830679e-12
14.629928527565843 	 1.29836639521905536371452970180039966e-12
14.845074535324164 	 6.85175790746240544256450770002535049e-13
15.060220543082485 	 3.59984506519673400659902009135279829e-13
15.275366550840806 	 1.88311124237414839165045814337764890e-13
15.490512558599129 	 9.80874208569123079340071358824381295e-14
15.70565856635745 	 5.08785089727762820374696741087980662e-14
15.92080457411577 	 2.62836578184741423206354906932668339e-14
16.13595058187409 	 1.35247996625796401344328796998040289e-14
16.351096589632412 	 6.93371441855858951855903552512993395e-15
16.566242597390733 	 3.54285586928491484595860099728063738e-15
16.781388605149054 	 1.80545115903293063476911048045179290e-15
16.996534612907375 	 9.18776599926216425451110234255237256e-16
17.211680620665696 	 4.68023999513505683087262156980527691e-16
17.42682662842402 	 2.39741197207991009256968501277235856e-16
17.64197263618234 	 1.24543853742698121825035131325903548e-16
17.857118643940662 	 6.66055663098633492246972912948260869e-17
18.072264651698983 	 3.75483323198277100330098105723518341e-17
18.287410659457304 	 2.30037387946007055791939443722300784e-17
18.502556667215625 	 1.57249703382104355136591621689043032e-17
18.717702674973946 	 1.20710039800454061689008828102995092e-17
18.932848682732267 	 1.02193538187379478208784316106501972e-17
19.147994690490588 	 9.26115881873436292977525412909951772e-18
19.36314069824891 	 8.74481832423477395858032305515376277e-18
19.57828670600723 	 8.44673141189052355712375673751753868e-18
19.79343271376555 	 8.25656466192967220465257319264100914e-18
20.00857872152387 	 8.12005099471803816397960443364302336e-18
20.223724729282196 	 8.01057697251339378268229915196643851e-18
20.438870737040517 	 7.91512127235653414400824970008510689e-18
20.654016744798838 	 7.82732060559835818610685699425927248e-18
20.86916275255716 	 7.74406245334776375364366311156653283e-18
21.08430876031548 	 7.66381663377966215468665949669407702e-18
21.2994547680738 	 7.58582111293162214554581091370444167e-18
21.514600775832122 	 7.50968600978727308171483498403645812e-18
21.729746783590443 	 7.43520162005858790687317144336219032e-18
21.944892791348764 	 7.36224563301340811833711895251452931e-18
22.160038799107085 	 7.29073841429034516916790392557428516e-18
22.375184806865406 	 7.22062150381795243253282129937849190e-18
22.590330814623726 	 7.15184729060087244898586549225051181e-18
22.80547682238205 	 7.08437405222108557951132087449693238e-18
23.020622830140372 	 7.01816356207773256439500266270917043e-18
23.235768837898693 	 6.95317992268966224040392234793139285e-18
23.450914845657014 	 6.88938898347996821973277917726048096e-18
23.666060853415335 	 6.82675803715897920866198757784649483e-18
23.881206861173656 	 6.76525564927555132219397521368157804e-18
24.096352868931977 	 6.70485155195852544618568400468255661e-18
24.311498876690298 	 6.64551656918681586467774114705533224e-18
24.52664488444862 	 6.58722255812757594985905650679073877e-18
24.74179089220694 	 6.52994235920690888343410725597314368e-18
24.95693689996526 	 6.47364975140657480871766906245811585e-18
25.17208290772358 	 6.41831941108166150456460974906796911e-18
25.387228915481906 	 6.36392687344157099127903623840129749e-18
25.602374923240227 	 6.31044849623621543496938469740294846e-18
25.817520930998548 	 6.25786142537911279695842818399046881e-18
26.03266693875687 	 6.20614356233077827171364412478839320e-18
26.24781294651519 	 6.15527353311163433915060308310220556e-18
26.46295895427351 	 6.10523065883796423868000542089295857e-18
26.67810496203183 	 6.05599492768854475198678075152208972e-18
26.893250969790152 	 6.00754696821877877721584994275948637e-18
27.108396977548473 	 5.95986802394584682728821001375075427e-18
27.323542985306794 	 5.91293992913373627554010722143435350e-18
27.538688993065115 	 5.86674508571150104703449248324169643e-18
27.753835000823436 	 5.82126644126197356089454572795975983e-18
27.968981008581757 	 5.77648746802146951959033140976498682e-18
28.18412701634008 	 5.73239214283378537501506527093249680e-18
28.399273024098402 	 5.68896492800391854958283267472012282e-18
28.614419031856723 	 5.64619075299831595100678597473079603e-18
28.829565039615044 	 5.60405499693888775155802749816837362e-18
29.044711047373365 	 5.56254347183724396541329331440645890e-18
29.259857055131686 	 5.52164240651325685738760912164809424e-18
29.475003062890007 	 5.48133843113763632770742890789745233e-18
29.690149070648328 	 5.44161856233109017013015728968861732e-18
29.90529507840665 	 5.40247018874200304541943633588319161e-18
30.12044108616497 	 5.36388105700936088759486058845748275e-18
30.33558709392329 	 5.32583925799656283029648675632992191e-18
30.55073310168161 	 5.28833321315319095771499081310613988e-18
30.765879109439936 	 5.25135166082380315380868251851908568e-18
30.981025117198257 	 5.21488364227306687015419464835518194e-18
31.196171124956578 	 5.17891848713237778304891906780711206e-18
31.4113171327149 	 5.14344579789145939233801301443381777e-18
31.62646314047322 	 5.10845543295594965583987674628014514e-18
31.84160914823154 	 5.07393748766504702892451537121403497e-18
32.05675515598986 	 5.03988227250821680400342450631099479e-18
32.27190116374818 	 5.00628028759317166256834321898752764e-18
32.487047171506504 	 4.97312219219566309358331348133950427e-18
32.702193179264825 	 4.94039876796265520289499215215758184e-18
32.917339187023146 	 4.90810087404304598918190723323949590e-18
33.13248519478147 	 4.87621939208490341366790390101168625e-18
33.34763120253979 	 4.84474515866829137294094630361643048e-18
33.56277721029811 	 4.81366888234442652324166223281917574e-18
33.77792321805643 	 4.78298104203528287363650022973403262e-18
33.99306922581475 	 4.75267176312763330904584279305325050e-18
34.20821523357307 	 4.72273066719197233582894695843432790e-18
34.42336124133139 	 4.69314669089571466944925600866751236e-18
34.63850724908971 	 4.66390786939354625334012456090002586e-18
34.85365325684804 	 4.63500107930395540580716787254703808e-18
35.06879926460636 	 4.60641173636358731940903826718203043e-18
35.28394527236468 	 4.57812344303863949504060830745397193e-18
35.499091280123004 	 4.55011758181668563817913262333584533e-18
35.714237287881325 	 4.52237285065564564579919026094432663e-18
35.929383295639646 	 4.49486473817970461208812627845505150e-18
36.14452930339797 	 4.46756493772989072696761389584383621e-18
36.35967531115629 	 4.44044070133514525494656516242996443e-18
36.57482131891461 	 4.41345413708919573108543504668894537e-18
36.78996732667293 	 4.38656145630144339800333308776574336e-18
37.00511333443125 	 4.35971218011463052484506754381862146e-18
37.22025934218957 	 4.33284831899829151581319135060851695e-18
37.43540534994789 	 4.30590354255315581357343133338025770e-18
37.65055135770621 	 4.27880236128184047242632066157181662e-18
37.865697365464534 	 4.25145934624451750921174226190267301e-18
38.080843373222855 	 4.22377841664030225284480320289728381e-18
38.295989380981176 	 4.19565222912139877672762877344807375e-18
38.5111353887395 	 4.16696170581921687156883522500478848e-18
38.72628139649782 	 4.13757574038633445100392724584286793e-18
38.94142740425614 	 4.10735112257814642621302984854312192e-18
39.15657341201446 	 4.07613272176588467102039201745426801e-18
39.37171941977278 	 4.04375396806592376178188938358880610e-18
39.5868654275311 	 4.01003766630752672989126155968297449e-18
39.80201143528942 	 3.97479717271841491814906230850053631e-18
40.01715744304774 	 3.93783795693338367838980364398130409e-18
40.23230345080607 	 3.89895956276007722450977009436307451e-18
40.44744945856439 	 3.85795797019823071004521479306003387e-18
40.66259546632271 	 3.81462834873593732414633323692424655e-18
40.877741474081034 	 3.76876817827258433557244285925714217e-18
41.092887481839355 	 3.72018069957353839814967390315617672e-18
41.308033489597676 	 3.66867864146224042203838218243972105e-18
41.523179497356 	 3.61408815758460651741041682967925112e-18
41.73832550511432 	 3.55625289216655111287012237561887470e-18
41.95347151287264 	 3.49503808237262864103102268073124227e-18
42.16861752063096 	 3.43033459529191562315073679350913537e-18
42.38376352838928 	 3.36206279080781642109566589334127155e-18
42.5989095361476 	 3.29017609815148457897652597051374054e-18
42.81405554390592 	 3.21466419418127911564874760237762882e-18
43.029201551664244 	 3.13555567562043782752922027198035895e-18
43.244347559422565 	 3.05292012570802379698046786771704248e-18
43.459493567180886 	 2.96686948788528185154771477620064283e-18
43.67463957493921 	 2.87755867498196239553248906615498203e-18
43.88978558269753 	 2.78518536144060033519254216003478994e-18
44.10493159045585 	 2.68998892781550165836067985276314502e-18
44.32007759821417 	 2.59224855036355521792970239836069387e-18
44.53522360597249 	 2.49228045315556131926158855375892684e-18
44.75036961373081 	 2.39043436486043835703745562414057725e-18
44.96551562148913 	 2.28708924624503510521550512567638354e-18
45.18066162924745 	 2.18264837656224946867104240120484557e-18
45.39580763700578 	 2.07753390650519580713805368306752976e-18
45.6109536447641 	 1.97218100152466453504137573620230482e-18
45.82609965252242 	 1.86703171142057531085890656784009166e-18
46.041245660280744 	 1.76252870977407679225859726760448154e-18
46.256391668039065 	 1.65910904972309912144476498883416281e-18
46.471537675797386 	 1.55719808073768115695960881273036506e-18
46.68668368355571 	 1.45720366455890305052756051262434213e-18
46.90182969131403 	 1.35951081765279631257860670618904516e-18
47.11697569907235 	 1.26447689289428442993758584488862907e-18
47.33212170683067 	 1.17242739537488656621047451409911314e-18
47.54726771458899 	 1.08365250696966622865088550622466381e-18
47.76241372234731 	 9.98404372423284853024873281883812502e-19
47.97755973010563 	 9.16895177073367796031403135112357239e-19
48.19270573786395 	 8.39296023765361722269569843175417830e-19
48.407851745622274 	 7.65736594825489674107309310343355973e-19
48.622997753380595 	 6.96305564868345351106557613572695440e-19
48.838143761138916 	 6.31051712339106830801896329315129368e-19
49.05328976889724 	 5.69985662517717919693474500268649849e-19
49.26843577665556 	 5.13082182595416835608245481931802444e-19
49.48358178441388 	 4.60282940580165051273579404683805611e-19
49.6987277921722 	 4.11499634261785712254606461056134742e-19
49.91387379993052 	 3.66617394200712254359769497639715304e-19
50.12901980768884 	 3.25498365506730489271221438173207460e-19
50.34416581544716 	 2.87985376754776142512701802428149725e-19
50.55931182320548 	 2.53905610372322907415794083804323103e-19
50.77445783096381 	 2.23074196798817668944022180285777886e-19
50.98960383872213 	 1.95297664200332465660146013925565612e-19
51.20474984648045 	 1.70377186049912549635061202975094314e-19
51.419895854238774 	 1.48111579994137030846384340453130818e-19
51.635041861997095 	 1.28300022685743931362516781578286195e-19
51.850187869755416 	 1.10744456280592723491353835687006328e-19
52.06533387751374 	 9.52516727388422964834989735294584077e-20
52.28047988527206 	 8.16350716607227574039387618583145234e-20
52.49562589303038 	 6.97160959176262607900382008321484339e-20
52.7107719007887 	 5.93253566658600289988143863525827318e-20
52.92591790854702 	 5.03034653724706748300188784570988771e-20
53.14106391630534 	 4.25015952168413009780748633642846366e-20
53.35620992406366 	 3.57817976856668557862320414292673729e-20
53.571355931821984 	 3.00171024221790714383402443452978070e-20
53.786501939580305 	 2.50914295263222268506917996379866375e-20
54.001647947338625 	 2.08993436585705017785296148100109428e-20
54.216793955096946 	 1.73456786194644584993734761706354455e-20
54.43193996285527 	 1.43450597105315275708438350263514828e-20
54.64708597061359 	 1.18213492812853587833279875087132606e-20
54.86223197837191 	 9.70703857715681943400104803869398977e-21
55.07737798613023 	 7.94260645985418802540139277523188432e-21
55.29252399388855 	 6.47586289628721400021056099204955692e-21
55.50767000164687 	 5.26129241013810091639550765149889879e-21
55.72281600940519 	 4.25941004931486013955175804413327469e-21
55.937962017163514 	 3.43613991306248892452393051971169707e-21
56.15310802492184 	 2.76222395742331090483888647749542243e-21
56.36825403268016 	 2.21266669396298586816735608461671969e-21
56.583400040438484 	 1.76621953668976710765547918984735322e-21
56.798546048196805 	 1.40490694580748011675968115647016320e-21
57.013692055955126 	 1.11359516376343108794168004510908959e-21
57.22883806371345 	 8.79603229959851314342345921251168586e-22
57.44398407147177 	 6.92355080057944328016787002955019355e-22
57.65913007923009 	 5.43070864041535607521725782603269272e-22
57.87427608698841 	 4.24495131277496797549426681482711706e-22
58.08942209474673 	 3.30659206438881559732448281239375291e-22
58.30456810250505 	 2.56674892837132343538448910294572361e-22
58.51971411026337 	 1.98556565650557275066898718084427378e-22
58.73486011802169 	 1.53068734376529403532535230703971865e-22
58.950006125780014 	 1.17596241144078575150721186683012029e-22
59.165152133538335 	 9.00344011137915312827354479110399726e-23
59.380298141296656 	 6.86965672702554181434803744269809536e-23
59.59544414905498 	 5.22368011034753153254463019140389325e-23
59.8105901568133 	 3.95855419443493583037623985352739634e-23
60.02573616457162 	 2.98963822179214315315326466446658784e-23
60.24088217232994 	 2.25022667454776602767046056472596861e-23
60.45602818008826 	 1.68796363564176288191145552548368561e-23
60.67117418784658 	 1.26192258685329337113986988952364063e-23
60.8863201956049 	 9.40240163502225446025584733216125994e-24
61.10146620336322 	 6.98208304950580690252516723946340990e-24
61.316612211121544 	 5.16743518097516511637961532041295074e-24
61.53175821887987 	 3.81164624532691881538853299897397267e-24
61.74690422663819 	 2.80221454016660301383090851019408584e-24
61.962050234396514 	 2.05326572963344756912509702676688619e-24
62.177196242154835 	 1.49950412717172061584972642544121395e-24
62.392342249913156 	 1.09147215982808099811099934190551517e-24
62.60748825767148 	 7.91851820054174356765960983196584395e-25
62.8226342654298 	 5.72591916108369933826474296651359258e-25
63.03778027318812 	 4.12686559974961099034107825273150301e-25
63.25292628094644 	 2.96464739506867003410232112508423945e-25
63.46807228870476 	 2.12279067435083262085083176138432860e-25
63.68321829646308 	 1.51504834970986887856073045670454698e-25
63.8983643042214 	 1.07779163872671570148539747073965103e-25
64.11351031197972 	 7.64250835495848334014890170023578953e-26
64.32865631973804 	 5.40173939208873893420582598104685556e-26
