1	0.186630829576519		0    	0	0.015861904		0.0121807225
2	0.167607886641625		0    	0	0.0109485387		0.0079095512
3	0.14452721223921		0    	0	0.008490583		0.0060728329
4	0.118704156630916		0    	0	0.007046453		0.0048386052
5	0.093898636130686		0    	0	0.0056757466		0.0038282764
6	0.072182947848844		0    	0	0.0043952019		0.0030168361
7	0.054934486870695		0    	0  	0.0033650706		0.002365798	
8	0.041818211148462		0    	0	0.0026049952		0.0018847016
9	0.031915857291942		0    	0	0.0020535335		0.0015610894
10	0.024172663298874		0    	0	1.65E-03		0.0013081667
11	0.018079861615225		0    	0	1.35E-03		0.0011140018
12	0.013265183299023		0    	0	1.12E-03		0.0009219544
13	0.009542493879278		0    	0	9.06E-04		0.0007203471
14	0.006824930602865		0    	0	7.06E-04		0.0005508176
15	0.004913950034063		0    	0	5.46E-04		0.0004301163
16	0.003586190807687		0    	0	4.15E-04		0.0003383785
17	0.0026207733515		0    	0	3.26E-04		2.75E-04
18	0.001915944154695	        0    	0	2.67E-04		2.24E-04
19	0.001387322257091	        0    	0	2.29E-04		1.91E-04
20	0.000933154147883	        0    	0	1.90E-04		1.60E-04
22	0.000415700318538	        0    	0	9.65E-05		8.13E-05
26	0.000121607854378	        0    	0	3.42E-05		2.51E-05

